57820.92487656164  155.35 (2.02,-1.19)   5.53 (0.9,-0.98)
56062.95901934374  198.94 (1.71,-1.41)   32.0 (1.09,-0.97)
59204.52561869099  261.69 (2.28,-2.46)   41.81 (1.25,-1.14)
55913.33542794057  26.85 (3.69,-4.66)   7.03 (5.2,-4.04)
55806.09220290563  9.76 (2.86,-1.32)   7.59 (0.86,-0.87)
56740.08928629087  225.7 (5.67,-4.65)   51.06 (2.87,-4.0)
57246.31776017207  317.59 (5.1,-4.66)   30.09 (2.43,-2.31)
57553.52619622136  214.76 (3.16,-4.13)   40.82 (3.98,-3.33)
57257.62259727911  325.9 (3.47,-4.17)   -2.35 (2.09,-2.61)
57415.18345819237  263.76 (1.1,-1.8)   -14.9 (1.2,-1.08)
59173.40602495983  307.66 (5.19,-5.68)   40.72 (5.02,-2.75)
56076.54294700876  176.48 (6.64,-5.93)   22.87 (1.77,-2.7)
56246.33035012512  225.7 (1.01,-1.19)   8.88 (0.94,-0.95)
57811.06487576161  205.09 (1.89,-3.96)   4.26 (1.12,-1.09)
57984.2758042185  26.98 (1.85,-3.03)   18.88 (1.1,-1.11)
57865.64570820188  240.95 (3.34,-5.71)   5.53 (1.01,-0.83)
57719.66475003057  257.55 (36.46,-29.23)   73.27 (9.96,-5.71)
57682.30923513319  121.42 (2.64,-2.9)   23.72 (2.02,-1.93)
58949.97217001604  242.58 (10.2,-10.2)   11.61 (7.83,-6.19)
55834.44513646853  267.01 (1.19,-1.14)   -4.44 (0.79,-0.6)
58065.75475047243  269.65 (0.22,-0.18)   -20.7 (0.16,-0.16)
59121.74209304676  29.53 (0.53,-0.53)   3.47 (0.71,-0.34)
57312.67572957463  197.53 (2.46,-2.72)   19.95 (2.29,-3.01)
57243.32199463605  221.75 (0.31,-0.26)   -17.15 (0.16,-0.23)
57606.51496299994  122.78 (0.88,-1.23)   -0.71 (0.56,-0.56)
59118.32930116513  96.46 (0.7,-0.53)   -4.33 (0.6,-0.75)
55791.68864321097  332.45 (0.97,-1.23)   -2.09 (0.9,-0.93)
57288.0267907843  103.23 (0.7,-1.14)   3.96 (0.75,-0.6)
56420.64119743768  337.76 (3.21,-2.02)   26.24 (1.9,-2.69)
57709.33199321103  78.66 (1.85,-1.93)   1.6 (1.79,-1.9)
56658.40386364448  192.26 (2.07,-2.37)   -2.69 (0.71,-1.01)
57182.02652179277  49.53 (1.1,-1.1)   0.3 (0.82,-0.45)
58414.73594511725  78.27 (1.76,-0.92)   21.54 (0.96,-0.93)
57024.79626014654  318.74 (3.96,-1.27)   2.91 (0.49,-0.34)
57938.29260240479  230.45 (1.67,-1.71)   23.36 (0.89,-1.1)
56671.87788784308  337.59 (0.57,-0.92)   0.71 (0.86,-0.97)
56971.29675779433  253.43 (0.83,-1.1)   6.43 (0.68,-0.71)
57348.5316095805  262.05 (0.88,-1.05)   -2.24 (0.67,-0.63)
58154.00422026594  17.4 (1.36,-0.92)   -10.54 (0.72,-0.76)
56923.72110248644  169.72 (0.7,-0.83)   -1.6 (0.3,-0.52)
56843.66869305359  25.88 (1.85,-2.99)   2.54 (1.75,-1.79)
57505.24481760429  240.29 (0.44,-0.48)   9.71 (0.42,-0.57)
57925.19120971263  74.97 (7.25,-7.78)   25.08 (6.2,-5.57)
57001.84777231211  318.12 (2.33,-1.93)   1.57 (1.72,-1.57)
55903.71892797326  165.19 (7.03,-4.13)   38.49 (3.49,-3.67)
57518.66395275027  352.88 (1.76,-1.45)   1.9 (0.67,-0.75)
56927.16084624148  50.89 (3.91,-5.14)   -0.63 (1.42,-1.49)
56942.75086742418  63.85 (2.24,-1.36)   3.21 (1.08,-0.9)
58414.69273902958  270.18 (1.89,-1.71)   -8.42 (1.55,-1.13)
57746.53736344514  61.79 (2.5,-2.37)   17.78 (1.56,-1.46)
59014.52872012802  33.84 (4.79,-6.37)   31.61 (2.71,-2.25)
57246.75908975384  328.27 (0.75,-0.88)   6.17 (0.53,-0.49)
58964.97692534277  99.97 (4.76,-3.0)   53.72 (2.25,-1.69)
57279.87493400848  129.68 (1.89,-2.59)   30.35 (1.29,-1.88)
56679.14747345406  138.82 (3.52,-10.11)   37.45 (2.09,-1.95)
59143.27624401794  260.82 (1.71,-1.67)   14.55 (1.31,-0.69)
56975.25687203509  221.48 (4.53,-2.29)   28.0 (2.3,-2.31)
58832.46525037375  286.83 (2.27,-1.92)   58.45 (1.86,-2.08)
58266.50625455115  312.19 (1.76,-1.05)   0.3 (0.6,-1.19)
56588.55850592728  301.9 (1.01,-1.05)   11.61 (1.29,-1.14)
56470.42590147932  155.35 (3.87,-2.37)   3.73 (1.42,-1.72)
58535.3511541588  268.59 (1.41,-1.58)   -17.0 (0.51,-1.24)
55768.51080159916  151.08 (1.19,-1.71)   6.99 (0.83,-0.98)
55908.39772381761  247.85 (1.71,-1.58)   0.56 (1.42,-1.46)
56048.5704208966  165.37 (7.01,-5.36)   -71.51 (2.68,-3.53)
57051.22743860722  358.51 (3.91,-6.55)   6.39 (3.67,-3.16)
56369.28453777279  13.45 (0.79,-0.88)   20.62 (0.99,-1.44)
57488.7345027906  235.63 (1.23,-1.45)   -4.07 (0.86,-1.31)
56758.56676566884  146.95 (3.12,-3.12)   15.91 (2.62,-2.89)
58586.66460083455  245.57 (1.23,-1.49)   21.98 (1.44,-1.21)
58668.78393812659  161.81 (2.15,-3.91)   26.9 (1.91,-1.94)
56043.41532671855  183.56 (2.15,-2.02)   0.52 (0.71,-0.86)
57157.94156141448  91.49 (0.92,-0.75)   12.14 (0.5,-0.53)
57284.20566484769  279.54 (1.76,-2.29)   30.35 (1.5,-2.19)
57732.83796659917  46.36 (2.37,-0.92)   15.25 (1.08,-0.93)
58748.96105979347  5.71 (1.19,-1.27)   -1.53 (0.78,-0.9)
57612.68415338799  86.99 (15.29,-15.29)   48.83 (10.0,-9.95)
59113.79667700687  195.29 (2.33,-1.71)   26.24 (1.46,-1.73)
58218.77679461517  218.5 (0.79,-1.27)   0.56 (0.71,-0.75)
58821.94874207213  80.16 (2.42,-1.98)   2.87 (0.97,-1.05)
58370.60418386328  141.37 (1.05,-1.27)   26.94 (1.0,-0.88)
59183.84845457848  30.54 (1.1,-1.27)   -12.1 (1.14,-1.11)
56608.03124344143  129.24 (0.26,-0.26)   -17.27 (0.16,-0.16)
56367.7359925578  303.41 (2.98,-3.55)   54.68 (1.59,-1.77)
57478.56517147233  151.22 (0.66,-0.66)   15.48 (0.73,-0.66)
56070.63865189075  343.78 (4.92,-4.48)   15.48 (1.54,-2.38)
58018.87118560489  77.43 (1.14,-0.75)   5.79 (0.41,-0.64)
59067.57704206692  157.25 (1.17,-0.87)   47.75 (0.64,-0.59)
56660.88576485459  37.9 (25.61,-27.3)   78.97 (9.97,-5.86)
58135.75220559863  206.1 (1.19,-1.14)   3.92 (0.78,-0.71)
56679.20447983344  220.29 (8.94,-8.37)   -86.07 (0.59,-0.64)
55904.45690159585  99.98 (1.19,-2.02)   20.42 (2.02,-1.6)
58960.02458611799  87.93 (3.43,-2.81)   8.23 (2.08,-1.81)
56889.378046941  271.45 (3.43,-1.8)   1.87 (1.46,-1.42)
56390.18877428146  167.83 (2.64,-3.96)   20.66 (0.99,-1.28)
56542.79309917137  130.17 (0.48,-0.31)   -10.54 (0.3,-0.27)
56192.54933227013  70.62 (1.49,-1.27)   19.79 (0.71,-0.91)
55728.72979097178  71.15 (1.41,-2.07)   5.38 (0.9,-0.79)
56842.29777539684  157.07 (4.69,-4.64)   53.62 (3.48,-3.35)
59103.59706286398  51.11 (4.39,-10.99)   38.11 (2.31,-1.97)
56665.307897028  344.66 (0.53,-0.48)   1.57 (0.34,-0.37)
58528.67267812246  228.25 (0.79,-0.53)   -4.14 (0.3,-0.37)
55885.97335470221  356.84 (0.53,-0.62)   -11.99 (0.27,-0.23)
55911.27685053114  36.74 (1.8,-2.24)   18.88 (2.82,-2.46)
57443.88039407472  311.87 (2.18,-1.78)   60.06 (1.37,-1.65)
56443.55692494961  164.18 (2.42,-2.15)   6.32 (1.27,-1.32)
57283.54571304107  49.83 (2.5,-3.74)   -2.95 (1.35,-1.34)
58337.20231338376  100.37 (4.0,-5.05)   11.15 (2.12,-2.98)
57673.61257692857  190.06 (2.2,-4.04)   -7.48 (2.98,-2.18)
56421.18583123269  317.5 (1.76,-1.85)   2.09 (1.34,-1.19)
57758.14192253704  309.95 (5.01,-7.56)   8.16 (3.34,-2.0)
57600.78487911152  312.63 (3.74,-3.21)   20.07 (2.13,-2.56)
58857.98726780584  165.45 (3.6,-4.39)   11.8 (1.29,-1.18)
58507.15549527989  307.44 (0.53,-1.14)   -32.22 (0.31,-0.96)
57695.38022137248  40.87 (1.05,-0.57)   12.52 (0.61,-1.15)
55756.11298443852  68.2 (0.31,-1.1)   40.67 (0.44,-0.44)
55780.97970434913  336.8 (1.36,-1.98)   1.53 (0.78,-0.93)
58992.10425457315  338.64 (9.98,-6.02)   1.75 (1.79,-3.51)
56317.65900654516  280.46 (1.89,-2.33)   -1.9 (0.82,-0.93)
56620.14505449561  285.16 (2.2,-1.54)   19.47 (1.46,-1.43)
56089.36416964872  39.95 (0.26,-0.26)   -15.09 (0.31,-0.19)
56226.59949621974  169.8 (1.32,-1.41)   27.91 (0.88,-0.85)
55846.86687056347  172.13 (1.4,-1.39)   44.7 (0.45,-0.79)
55987.80691328732  237.96 (0.53,-0.62)   18.76 (0.51,-0.47)
59205.03907574695  206.37 (0.88,-0.75)   13.44 (0.54,-0.34)
57168.01697966309  139.79 (2.46,-2.99)   -1.49 (1.01,-0.9)
56319.27998864782  352.97 (1.32,-1.01)   -1.98 (0.9,-0.97)
59168.08849784114  195.12 (1.23,-1.45)   1.38 (1.27,-1.08)
55833.26046548522  121.45 (1.34,-1.29)   50.04 (0.15,-0.24)
58177.57240411086  294.79 (1.85,-1.71)   26.4 (1.12,-0.79)
58865.46423253074  116.02 (0.79,-1.19)   29.18 (0.81,-0.86)
59192.42759194133  6.86 (1.01,-1.19)   -9.25 (0.94,-1.1)
55885.96104031756  26.06 (1.89,-3.16)   9.82 (1.36,-1.4)
56817.63639386016  106.26 (2.68,-2.15)   1.31 (0.86,-1.05)
58277.59689648438  69.08 (1.63,-1.41)   -1.08 (0.78,-0.78)
56512.33958626503  26.59 (1.14,-1.23)   9.22 (0.87,-0.91)
57077.99961383577  237.75 (8.26,-2.26)   55.11 (3.03,-3.38)
56851.55657843665  0.79 (1.14,-1.19)   15.6 (0.66,-0.89)
57688.56969003272  119.0 (2.94,-2.24)   1.53 (2.39,-2.32)
58868.78354813303  67.41 (0.4,-0.31)   -14.59 (0.27,-0.23)
56317.26571230239  7.67 (6.46,-5.92)   74.14 (2.82,-3.36)
57614.90687586575  200.04 (3.12,-2.68)   -32.13 (1.24,-1.75)
56811.14246654727  9.71 (0.62,-0.88)   7.56 (0.83,-0.53)
56211.77094169458  205.14 (0.66,-0.7)   -2.28 (0.56,-0.52)
57554.40430995815  304.32 (1.63,-1.05)   12.64 (1.33,-1.34)
56186.30530486623  182.24 (1.36,-1.71)   3.88 (0.82,-0.67)
58583.43633810319  310.61 (3.3,-3.65)   12.22 (2.28,-2.84)
56234.5075207242  123.18 (0.92,-0.97)   6.05 (0.56,-0.64)
56146.20714663897  330.07 (0.83,-0.83)   1.42 (0.45,-0.6)
56526.40856500706  91.32 (1.19,-1.19)   0.56 (0.63,-0.78)
58496.08852740324  56.91 (1.63,-1.41)   -0.82 (0.82,-0.75)
58748.40469477737  167.3 (2.81,-2.72)   -22.27 (3.31,-3.39)
56579.90921080246  32.92 (0.88,-0.7)   10.28 (0.57,-0.42)
57026.39897076738  272.11 (1.71,-1.54)   28.76 (1.86,-2.41)
57094.32057719976  127.05 (1.76,-2.07)   -3.36 (0.75,-0.75)
58380.06513011518  258.4 (1.49,-1.49)   32.84 (0.75,-0.94)
58442.70870605052  25.71 (5.54,-5.27)   11.72 (4.5,-2.41)
58191.80396382706  58.71 (1.89,-1.67)   0.78 (1.01,-1.01)
58141.6770674525  77.12 (2.5,-2.9)   8.01 (0.49,-0.41)
56757.09875662815  2.11 (151.51,-58.92)   81.22 (6.94,-8.0)
57887.17462612477  311.97 (2.2,-1.23)   18.6 (1.1,-2.1)
58806.04270119005  229.31 (5.49,-4.97)   3.77 (2.24,-2.47)
57600.07990202622  214.58 (0.53,-0.57)   -0.3 (0.67,-0.45)
56470.11039111138  93.74 (1.01,-1.14)   14.17 (1.04,-1.23)
56819.20444852863  110.65 (0.53,-0.62)   11.45 (0.19,-0.19)
58054.76477464011  294.52 (3.56,-3.38)   2.05 (3.21,-2.2)
56391.98239268221  163.56 (2.68,-2.5)   29.44 (3.46,-4.38)
57217.90971640158  326.29 (1.49,-1.32)   26.36 (2.19,-1.89)
58282.98236039212  38.06 (5.84,-4.26)   11.53 (4.91,-4.15)
58559.83187810989  81.25 (5.89,-5.98)   3.21 (4.07,-3.93)
56845.49980612584  240.86 (3.08,-2.07)   14.17 (1.65,-1.54)
57340.87348405651  76.16 (1.36,-1.36)   12.71 (0.73,-0.65)
57589.9135279203  60.25 (10.72,-8.88)   29.23 (5.87,-5.32)
58676.05228456779  76.64 (5.23,-6.99)   12.75 (2.82,-4.79)
57269.75966081816  133.77 (0.53,-0.88)   28.08 (0.55,-0.51)
57182.18015402858  245.43 (1.67,-1.23)   0.22 (0.93,-1.04)
57792.12812411078  99.67 (2.59,-3.3)   16.84 (1.55,-1.6)
57140.59078409722  31.07 (4.04,-6.42)   15.02 (1.42,-1.94)
57551.43429290814  16.52 (0.88,-0.18)   4.67 (0.52,-1.87)
56666.50298620128  293.12 (0.79,-1.19)   33.02 (0.53,-0.45)
57790.54898658779  180.35 (5.23,-3.82)   33.2 (2.16,-1.85)
58032.3078085121  132.63 (1.41,-2.24)   17.23 (0.66,-1.06)
58848.45840369244  48.47 (5.98,-7.65)   20.11 (3.73,-4.48)
59167.62884218325  105.73 (0.92,-1.27)   5.87 (1.01,-1.05)
57833.31412844517  98.26 (1.32,-0.92)   -15.06 (1.2,-1.04)
56505.25626840586  214.98 (4.35,-4.0)   7.75 (1.2,-1.24)
56390.75835433359  7.38 (4.88,-8.04)   4.22 (3.58,-4.73)
58586.44998255463  219.33 (0.7,-1.32)   11.72 (0.72,-0.72)
57655.74106664507  241.13 (4.92,-5.89)   1.34 (2.8,-3.4)
56701.80908624909  202.59 (4.79,-3.21)   13.06 (2.52,-2.31)
58327.84471313767  74.14 (0.44,-0.35)   -17.74 (0.59,-0.51)
57174.01819277732  333.37 (2.42,-1.71)   9.63 (1.17,-1.21)
59136.0926797675  221.22 (0.97,-1.19)   14.44 (0.66,-0.46)
58981.31351572679  295.18 (1.67,-2.24)   15.79 (1.24,-1.28)
58405.49466518118  225.22 (1.36,-2.64)   -34.95 (1.79,-1.22)
58442.94364599242  324.58 (7.74,-9.04)   51.74 (9.48,-6.75)
56070.5742824046  171.08 (0.66,-1.41)   26.44 (0.37,-0.46)
58436.94464815189  6.02 (1.63,-2.24)   18.84 (0.98,-0.87)
57041.36873106383  286.92 (1.36,-1.27)   6.43 (0.53,-0.6)
56504.07237014141  122.87 (2.29,-4.35)   6.32 (2.4,-3.24)
57930.51931610766  280.99 (3.03,-1.63)   8.8 (0.9,-1.13)
57870.31372715437  5.32 (4.48,-5.27)   -0.6 (1.75,-1.23)
59108.8614694116  109.78 (1.05,-1.41)   14.36 (0.85,-0.81)
58281.19039700799  338.69 (5.1,-5.71)   3.73 (3.7,-2.81)
57391.44384330693  79.41 (0.83,-0.75)   5.0 (0.97,-0.86)
58618.45061140577  127.88 (0.79,-0.83)   12.6 (0.46,-0.5)
56331.12141217788  48.38 (0.31,-0.31)   -13.32 (0.23,-0.23)
58515.01567125964  245.08 (0.75,-0.88)   38.78 (0.67,-0.77)
58694.86853369251  226.14 (1.27,-1.98)   10.77 (1.17,-1.03)
56711.92014365716  118.83 (11.87,-11.87)   32.58 (9.83,-5.68)
57291.90119021698  194.55 (0.79,-1.23)   -4.56 (0.64,-0.93)
58663.80850834146  29.12 (39.68,-118.65)   84.56 (4.4,-4.66)
58607.7675740006  65.17 (1.67,-1.14)   -37.26 (1.09,-0.61)
57040.5094546912  152.53 (1.54,-2.72)   4.33 (0.86,-0.71)
58143.97573521594  207.51 (1.01,-0.57)   23.77 (0.57,-0.57)
56767.85935512539  6.28 (7.03,-5.89)   16.57 (5.11,-4.77)
58464.08522982179  316.41 (1.85,-2.02)   -31.0 (1.58,-1.68)
56723.92001535036  308.06 (2.68,-4.61)   32.93 (3.23,-2.71)
58714.73222496411  148.54 (2.29,-3.3)   1.45 (0.75,-0.93)
56780.95701619062  162.3 (6.91,-11.26)   46.57 (5.11,-5.41)
58369.83300749986  144.98 (1.49,-2.2)   -2.39 (1.12,-1.16)
58757.8397936808  313.99 (6.94,-2.46)   12.79 (1.64,-1.65)
57968.08384779975  1.1 (4.48,-1.76)   4.63 (0.41,-0.41)
58809.94803814533  27.03 (1.98,-2.72)   0.07 (1.57,-1.08)
55695.06415108922  138.47 (6.68,-3.78)   -1.94 (1.12,-0.97)
57717.4301438235  140.01 (2.15,-1.19)   -0.11 (0.86,-0.75)
58588.43730676967  154.86 (2.94,-4.7)   5.27 (1.95,-2.48)
56083.65455898678  152.58 (1.89,-2.42)   36.38 (1.47,-1.54)
56630.47007245  288.98 (1.1,-0.83)   -14.21 (1.31,-0.77)
57951.81765905026  208.39 (1.67,-1.19)   25.16 (1.35,-1.41)
58190.67858044863  287.18 (0.75,-2.46)   5.53 (0.26,-0.34)
57198.63994560632  71.89 (4.35,-4.7)   0.86 (1.83,-2.39)
58999.32950733045  255.37 (2.46,-2.55)   26.61 (2.32,-3.25)
57454.69665795971  91.32 (7.08,-8.66)   10.47 (4.45,-2.74)
57974.59705961282  21.27 (0.75,-1.05)   -2.28 (0.67,-0.6)
58653.5515977822  343.52 (4.13,-3.16)   10.28 (2.76,-2.02)
58606.72440656845  120.19 (0.66,-0.66)   6.43 (0.75,-0.68)
57989.5537508031  41.92 (3.03,-3.56)   12.37 (1.3,-1.46)
57596.34413697475  113.12 (1.93,-1.54)   14.67 (1.12,-1.08)
57887.3001509515  227.37 (1.23,-1.1)   30.65 (0.99,-1.4)
59015.61756223327  142.95 (1.14,-1.41)   3.66 (1.16,-1.01)
58537.85004745611  155.21 (0.7,-0.66)   19.67 (0.44,-0.28)
56604.55261167329  342.73 (1.54,-1.58)   41.81 (0.89,-1.4)
59129.91793155675  265.17 (0.48,-0.48)   5.34 (0.3,-0.19)
56431.48285381537  45.35 (3.12,-1.49)   23.85 (0.89,-1.15)
56999.66839927126  246.36 (1.76,-1.89)   17.23 (1.09,-1.29)
57662.43916514374  192.57 (2.5,-2.07)   37.12 (2.49,-1.51)
55722.42607809128  272.55 (1.67,-2.42)   35.64 (1.05,-1.3)
56691.78513352538  349.58 (2.64,-2.55)   -13.55 (1.73,-1.15)
55811.79461555  196.08 (3.91,-2.68)   9.4 (1.06,-1.55)
57576.1679717178  351.43 (1.54,-2.29)   0.6 (1.12,-0.82)
57049.48125162859  100.37 (1.36,-1.63)   4.59 (0.67,-0.79)
57792.59523275074  92.81 (1.23,-1.05)   4.59 (1.16,-0.94)
56859.7588334034  101.82 (6.77,-6.86)   -32.89 (8.08,-5.23)
57308.12441298802  178.72 (1.11,-1.15)   52.37 (1.11,-1.11)
58041.06562575943  162.91 (2.99,-1.71)   -15.48 (1.98,-1.62)
58063.7775372039  340.14 (0.62,-0.62)   7.44 (0.26,-0.3)
58595.24979249506  166.9 (3.21,-3.03)   17.39 (2.56,-2.0)
56508.81461902112  129.02 (1.14,-1.54)   13.36 (1.68,-1.08)
56484.5298335607  77.87 (2.59,-1.19)   -2.43 (1.12,-1.34)
57012.41025006228  179.08 (0.88,-1.1)   -1.94 (0.82,-0.71)
57042.98466339843  95.89 (1.19,-1.36)   14.13 (0.5,-0.5)
58019.0213003793  173.45 (2.37,-2.55)   -2.54 (1.31,-0.9)
58162.37782304162  66.97 (2.46,-2.59)   6.09 (1.72,-1.95)
57198.73160683759  306.43 (2.02,-2.02)   19.08 (1.18,-0.91)
58225.2785126638  305.73 (3.6,-1.58)   -4.41 (0.75,-0.67)
56079.30557152734  119.31 (2.02,-0.92)   14.79 (0.73,-0.62)
58193.24266207089  271.71 (1.19,-3.43)   -1.42 (1.27,-1.23)
57265.21781542625  54.76 (0.92,-0.92)   34.0 (1.21,-1.13)
58399.77940579056  77.08 (2.68,-3.56)   1.23 (1.16,-1.23)
57900.06963858731  178.59 (2.77,-3.47)   26.49 (3.45,-3.82)
58443.57996791468  132.19 (7.34,-6.99)   32.93 (3.57,-4.19)
59020.12745696646  162.11 (0.62,-0.92)   11.95 (0.61,-0.46)
58647.82937645641  312.19 (0.66,-0.79)   26.57 (0.71,-0.75)
59118.94131052108  184.75 (3.65,-1.54)   32.93 (1.16,-0.88)

