55695.06415108922  138.47 (6.68,-3.78)   -1.94 (1.12,-0.97)
55722.42607809128  272.55 (1.67,-2.42)   35.64 (1.05,-1.3)
55728.72979097178  71.15 (1.41,-2.07)   5.38 (0.9,-0.79)
55768.51080159916  151.08 (1.19,-1.71)   6.99 (0.83,-0.98)
55780.97970434913  336.8 (1.36,-1.98)   1.53 (0.78,-0.93)
55791.68864321097  332.45 (0.97,-1.23)   -2.09 (0.9,-0.93)
55806.09220290563  9.76 (2.86,-1.32)   7.59 (0.86,-0.87)
55811.79461555  196.08 (3.91,-2.68)   9.4 (1.06,-1.55)
55833.26046548522  121.45 (1.34,-1.29)   50.04 (0.15,-0.24)
55834.44513646853  267.01 (1.19,-1.14)   -4.44 (0.79,-0.6)
55846.86687056347  172.13 (1.4,-1.39)   44.7 (0.45,-0.79)
55885.96104031756  26.06 (1.89,-3.16)   9.82 (1.36,-1.4)
55885.97335470221  356.84 (0.53,-0.62)   -11.99 (0.27,-0.23)
55903.71892797326  165.19 (7.03,-4.13)   38.49 (3.49,-3.67)
55904.45690159585  99.98 (1.19,-2.02)   20.42 (2.02,-1.6)
55908.39772381761  247.85 (1.71,-1.58)   0.56 (1.42,-1.46)
55911.27685053114  36.74 (1.8,-2.24)   18.88 (2.82,-2.46)
55913.33542794057  26.85 (3.69,-4.66)   7.03 (5.2,-4.04)
55987.80691328732  237.96 (0.53,-0.62)   18.76 (0.51,-0.47)
56043.41532671855  183.56 (2.15,-2.02)   0.52 (0.71,-0.86)
56062.95901934374  198.94 (1.71,-1.41)   32.0 (1.09,-0.97)
56070.5742824046  171.08 (0.66,-1.41)   26.44 (0.37,-0.46)
56070.63865189075  343.78 (4.92,-4.48)   15.48 (1.54,-2.38)
56076.54294700876  176.48 (6.64,-5.93)   22.87 (1.77,-2.7)
56079.30557152734  119.31 (2.02,-0.92)   14.79 (0.73,-0.62)
56083.65455898678  152.58 (1.89,-2.42)   36.38 (1.47,-1.54)
56089.36416964872  39.95 (0.26,-0.26)   -15.09 (0.31,-0.19)
56146.20714663897  330.07 (0.83,-0.83)   1.42 (0.45,-0.6)
56186.30530486623  182.24 (1.36,-1.71)   3.88 (0.82,-0.67)
56211.77094169458  205.14 (0.66,-0.7)   -2.28 (0.56,-0.52)
56226.59949621974  169.8 (1.32,-1.41)   27.91 (0.88,-0.85)
56234.5075207242  123.18 (0.92,-0.97)   6.05 (0.56,-0.64)
56246.33035012512  225.7 (1.01,-1.19)   8.88 (0.94,-0.95)
58135.75220559863  206.1 (1.19,-1.14)   3.92 (0.78,-0.71)
58141.6770674525  77.12 (2.5,-2.9)   8.01 (0.49,-0.41)
58143.97573521594  207.51 (1.01,-0.57)   23.77 (0.57,-0.57)
58154.00422026594  17.4 (1.36,-0.92)   -10.54 (0.72,-0.76)
58162.37782304162  66.97 (2.46,-2.59)   6.09 (1.72,-1.95)
58177.57240411086  294.79 (1.85,-1.71)   26.4 (1.12,-0.79)
58190.67858044863  287.18 (0.75,-2.46)   5.53 (0.26,-0.34)
58191.80396382706  58.71 (1.89,-1.67)   0.78 (1.01,-1.01)
58193.24266207089  271.71 (1.19,-3.43)   -1.42 (1.27,-1.23)
58218.77679461517  218.5 (0.79,-1.27)   0.56 (0.71,-0.75)
58225.2785126638  305.73 (3.6,-1.58)   -4.41 (0.75,-0.67)
58266.50625455115  312.19 (1.76,-1.05)   0.3 (0.6,-1.19)
58277.59689648438  69.08 (1.63,-1.41)   -1.08 (0.78,-0.78)
58281.19039700799  338.69 (5.1,-5.71)   3.73 (3.7,-2.81)
58282.98236039212  38.06 (5.84,-4.26)   11.53 (4.91,-4.15)
58327.84471313767  74.14 (0.44,-0.35)   -17.74 (0.59,-0.51)
58337.20231338376  100.37 (4.0,-5.05)   11.15 (2.12,-2.98)
58369.83300749986  144.98 (1.49,-2.2)   -2.39 (1.12,-1.16)
58370.60418386328  141.37 (1.05,-1.27)   26.94 (1.0,-0.88)
58375.5057999365  329.46 (13.91,-18.23)   -49.8 (11.34,-14.07)
58380.06513011518  258.4 (1.49,-1.49)   32.84 (0.75,-0.94)
58399.77940579056  77.08 (2.68,-3.56)   1.23 (1.16,-1.23)
58405.49466518118  225.22 (1.36,-2.64)   -34.95 (1.79,-1.22)
58414.69273902958  270.18 (1.89,-1.71)   -8.42 (1.55,-1.13)
58414.73594511725  78.27 (1.76,-0.92)   21.54 (0.96,-0.93)
58422.08531733519  36.85 (2.0,-2.02)   -78.88 (0.18,-0.28)
58436.94464815189  6.02 (1.63,-2.24)   18.84 (0.98,-0.87)
58442.70870605052  25.71 (5.54,-5.27)   11.72 (4.5,-2.41)
58442.94364599242  324.58 (7.74,-9.04)   51.74 (9.48,-6.75)
58443.57996791468  132.19 (7.34,-6.99)   32.93 (3.57,-4.19)
58464.08522982179  316.41 (1.85,-2.02)   -31.0 (1.58,-1.68)
58496.08852740324  56.91 (1.63,-1.41)   -0.82 (0.82,-0.75)
58507.15549527989  307.44 (0.53,-1.14)   -32.22 (0.31,-0.96)
58515.01567125964  245.08 (0.75,-0.88)   38.78 (0.67,-0.77)
58519.88970492991  128.66 (0.75,-0.74)   -52.71 (0.82,-0.82)
58528.67267812246  228.25 (0.79,-0.53)   -4.14 (0.3,-0.37)
58535.3511541588  268.59 (1.41,-1.58)   -17.0 (0.51,-1.24)
58537.85004745611  155.21 (0.7,-0.66)   19.67 (0.44,-0.28)
58559.83187810989  81.25 (5.89,-5.98)   3.21 (4.07,-3.93)
58573.28869725522  337.63 (0.26,-0.26)   -20.82 (0.4,-0.36)
58583.43633810319  310.61 (3.3,-3.65)   12.22 (2.28,-2.84)
58586.44998255463  219.33 (0.7,-1.32)   11.72 (0.72,-0.72)
58586.66460083455  245.57 (1.23,-1.49)   21.98 (1.44,-1.21)
58588.43730676967  154.86 (2.94,-4.7)   5.27 (1.95,-2.48)
58595.24979249506  166.9 (3.21,-3.03)   17.39 (2.56,-2.0)
58606.72440656845  120.19 (0.66,-0.66)   6.43 (0.75,-0.68)
58607.7675740006  65.17 (1.67,-1.14)   -37.26 (1.09,-0.61)
58618.45061140577  127.88 (0.79,-0.83)   12.6 (0.46,-0.5)
58647.82937645641  312.19 (0.66,-0.79)   26.57 (0.71,-0.75)
58653.5515977822  343.52 (4.13,-3.16)   10.28 (2.76,-2.02)
58663.80850834146  29.12 (330.57,-28.86)   84.56 (4.4,-4.66)
58668.78393812659  161.81 (2.15,-3.91)   26.9 (1.91,-1.94)
58676.05228456779  76.64 (5.23,-6.99)   12.75 (2.82,-4.79)
58694.86853369251  226.14 (1.27,-1.98)   10.77 (1.17,-1.03)
58714.73222496411  148.54 (2.29,-3.3)   1.45 (0.75,-0.93)
58748.40469477737  167.3 (2.81,-2.72)   -22.27 (3.31,-3.39)
58748.96105979347  5.71 (1.19,-1.27)   -1.53 (0.78,-0.9)
58757.8397936808  313.99 (6.94,-2.46)   12.79 (1.64,-1.65)
58806.04270119005  229.31 (5.49,-4.97)   3.77 (2.24,-2.47)
58809.94803814533  27.03 (1.98,-2.72)   0.07 (1.57,-1.08)
58821.94874207213  80.16 (2.42,-1.98)   2.87 (0.97,-1.05)
58832.46525037375  286.83 (2.27,-1.92)   58.45 (1.86,-2.08)
58848.45840369244  48.47 (5.98,-7.65)   20.11 (3.73,-4.48)
58857.98726780584  165.45 (3.6,-4.39)   11.8 (1.29,-1.18)
58865.46423253074  116.02 (0.79,-1.19)   29.18 (0.81,-0.86)
58868.78354813303  67.41 (0.4,-0.31)   -14.59 (0.27,-0.23)

